1.0000   60.0000   -223.506276564
1.0000   62.2222   -223.565248379
1.0000   64.4444   -223.610700104
1.0000   66.6666   -223.645253149
1.0000   68.8888   -223.670997842
1.0000   71.1110   -223.689603362
1.0000   73.3332   -223.702404622
1.0000   75.5554   -223.710470706
1.0000   77.7776   -223.714658813
1.0000   79.9998   -223.715656882
1.0000   82.2220   -223.714017412
1.0000   84.4442   -223.713546610
1.0000   86.6664   -223.724538061
1.0000   88.8886   -223.744813074
1.0000   91.1108   -223.771734370
1.0000   93.3330   -223.803214946
1.0000   95.5552   -223.837617315
1.0000   97.7774   -223.870628873
1.0000   99.9996   -223.899517705
1.0000   102.2218   -223.924655343
1.0000   104.4440   -223.946373153
1.0000   106.6662   -223.964966204
1.0000   108.8884   -223.980697093
1.0000   111.1106   -223.993799650
1.0000   113.3328   -224.004482377
1.0000   115.5550   -224.012931673
1.0000   117.7772   -224.019314745
1.0000   119.9994   -224.023782293
1.0000   122.2216   -224.026470933
1.0000   124.4438   -224.027505389
1.0000   126.6660   -224.027000500
1.0000   128.8882   -224.025063043
1.0000   131.1104   -224.021793433
1.0000   133.3326   -224.017287309
1.0000   135.5548   -224.011637060
1.0000   137.7770   -224.004933309
1.0000   139.9992   -223.997266424
1.0000   142.2214   -223.988728065
1.0000   144.4436   -223.979427229
1.0000   146.6658   -223.969888637
1.0000   148.8880   -223.960412084
1.0000   151.1102   -223.951097432
1.0000   153.3324   -223.942041550
1.0000   155.5546   -223.933338027
1.0000   157.7768   -223.925076672
1.0000   159.9990   -223.917342747
                         
1.0222   60.0000   -223.629395985
1.0222   62.2222   -223.681186449
1.0222   64.4444   -223.720675186
1.0222   66.6666   -223.750284842
1.0222   68.8888   -223.771939976
1.0222   71.1110   -223.787171930
1.0222   73.3332   -223.797201007
1.0222   75.5554   -223.803000866
1.0222   77.7776   -223.805349086
1.0222   79.9998   -223.804867058
1.0222   82.2220   -223.802051633
1.0222   84.4442   -223.802135772
1.0222   86.6664   -223.813050610
1.0222   88.8886   -223.832084427
1.0222   91.1108   -223.856845976
1.0222   93.3330   -223.885459351
1.0222   95.5552   -223.916467674
1.0222   97.7774   -223.946717782
1.0222   99.9996   -223.973135697
1.0222   102.2218   -223.996049213
1.0222   104.4440   -224.015771993
1.0222   106.6662   -224.032582415
1.0222   108.8884   -224.046727545
1.0222   111.1106   -224.058426880
1.0222   113.3328   -224.067875802
1.0222   115.5550   -224.075248779
1.0222   117.7772   -224.080702204
1.0222   119.9994   -224.084376997
1.0222   122.2216   -224.086400925
1.0222   124.4438   -224.086890693
1.0222   126.6660   -224.085953828
1.0222   128.8882   -224.083690399
1.0222   131.1104   -224.080194604
1.0222   133.3326   -224.075556254
1.0222   135.5548   -224.069862191
1.0222   137.7770   -224.063197696
1.0222   139.9992   -224.055647894
1.0222   142.2214   -224.047393607
1.0222   144.4436   -224.038509653
1.0222   146.6658   -224.029681298
1.0222   148.8880   -224.020906977
1.0222   151.1102   -224.012276641
1.0222   153.3324   -224.003877784
1.0222   155.5546   -223.995795305
1.0222   157.7768   -223.988111167
1.0222   159.9990   -223.980903843
                         
1.0444   60.0000   -223.735513521
1.0444   62.2222   -223.780829059
1.0444   64.4444   -223.814962135
1.0444   66.6666   -223.840149163
1.0444   68.8888   -223.858160409
1.0444   71.1110   -223.870399492
1.0444   73.3332   -223.877980873
1.0444   75.5554   -223.881790293
1.0444   77.7776   -223.882532155
1.0444   79.9998   -223.880766908
1.0444   82.2220   -223.876940711
1.0444   84.4442   -223.877682848
1.0444   86.6664   -223.888252114
1.0444   88.8886   -223.905916710
1.0444   91.1108   -223.928514070
1.0444   93.3330   -223.954361042
1.0444   95.5552   -223.982160091
1.0444   97.7774   -224.009741827
1.0444   99.9996   -224.033879948
1.0444   102.2218   -224.054748027
1.0444   104.4440   -224.072642316
1.0444   106.6662   -224.087824956
1.0444   108.8884   -224.100528019
1.0444   111.1106   -224.120813661
1.0444   113.3328   -224.128031858
1.0444   115.5550   -224.125706222
1.0444   117.7772   -224.130335218
1.0444   119.9994   -224.133314286
1.0444   122.2216   -224.134762813
1.0444   124.4438   -224.134789874
1.0444   126.6660   -224.133496013
1.0444   128.8882   -224.130974848
1.0444   131.1104   -224.127314552
1.0444   133.3326   -224.122599240
1.0444   135.5548   -224.116910303
1.0444   137.7770   -224.110327720
1.0444   139.9992   -224.102931406
1.0444   142.2214   -224.094951002
1.0444   144.4436   -224.086828380
1.0444   146.6658   -224.078664839
1.0444   148.8880   -224.070543836
1.0444   151.1102   -224.062546806
1.0444   153.3324   -224.054753270
1.0444   155.5546   -224.047240799
1.0444   157.7768   -224.040084813
1.0444   159.9990   -224.033358189
                         
1.0666   60.0000   -223.826703854
1.0666   62.2222   -223.866181754
1.0666   64.4444   -223.895504528
1.0666   66.6666   -223.916734596
1.0666   68.8888   -223.931498842
1.0666   71.1110   -223.941082637
1.0666   73.3332   -223.946502695
1.0666   75.5554   -223.948563766
1.0666   77.7776   -223.947903085
1.0666   79.9998   -223.945025441
1.0666   82.2220   -223.940414249
1.0666   84.4442   -223.941747429
1.0666   86.6664   -223.951771868
1.0666   88.8886   -223.967994391
1.0666   91.1108   -223.988463600
1.0666   93.3330   -224.011671494
1.0666   95.5552   -224.036463432
1.0666   97.7774   -224.061425924
1.0666   99.9996   -224.083461870
1.0666   102.2218   -224.102449902
1.0666   104.4440   -224.118669270
1.0666   106.6662   -224.150868711
1.0666   108.8884   -224.160643482
1.0666   111.1106   -224.168462573
1.0666   113.3328   -224.174479154
1.0666   115.5550   -224.178830170
1.0666   117.7772   -224.169830502
1.0666   119.9994   -224.172201002
1.0666   122.2216   -224.173153922
1.0666   124.4438   -224.172791080
1.0666   126.6660   -224.171206338
1.0666   128.8882   -224.168487106
1.0666   131.1104   -224.164715722
1.0666   133.3326   -224.159970755
1.0666   135.5548   -224.154328249
1.0666   137.7770   -224.147862972
1.0666   139.9992   -224.140732291
1.0666   142.2214   -224.133359569
1.0666   144.4436   -224.125862547
1.0666   146.6658   -224.118318750
1.0666   148.8880   -224.110803869
1.0666   151.1102   -224.103392029
1.0666   153.3324   -224.096155953
1.0666   155.5546   -224.089167010
1.0666   157.7768   -224.082495125
1.0666   159.9990   -224.076208507
                         
1.0888   60.0000   -223.904785436
1.0888   62.2222   -223.939000148
1.0888   64.4444   -223.964002101
1.0888   66.6666   -223.981691495
1.0888   68.8888   -223.993562099
1.0888   71.1110   -224.000789821
1.0888   73.3332   -224.004301113
1.0888   75.5554   -224.004826187
1.0888   77.7776   -224.002940755
1.0888   79.9998   -223.999098967
1.0888   82.2220   -223.994048816
1.0888   84.4442   -223.995712663
1.0888   86.6664   -224.005050859
1.0888   88.8886   -224.019802443
1.0888   91.1108   -224.038209975
1.0888   93.3330   -224.058923952
1.0888   95.5552   -224.080917451
1.0888   97.7774   -224.103277275
1.0888   99.9996   -224.123376126
1.0888   102.2218   -224.140637223
1.0888   104.4440   -224.182521396
1.0888   106.6662   -224.192915788
1.0888   108.8884   -224.201344065
1.0888   111.1106   -224.207966685
1.0888   113.3328   -224.212926342
1.0888   115.5550   -224.216350466
1.0888   117.7772   -224.218353442
1.0888   119.9994   -224.202436116
1.0888   122.2216   -224.202964561
1.0888   124.4438   
1.0888   126.6660   -224.200458716
1.0888   128.8882   -224.197593340
1.0888   131.1104   -224.193756848
1.0888   133.3326   -224.189022416
1.0888   135.5548   -224.183460889
1.0888   137.7770   -224.177193433
1.0888   139.9992   -224.170602514
1.0888   142.2214   -224.163814311
1.0888   144.4436   -224.156901034
1.0888   146.6658   -224.149933092
1.0888   148.8880   -224.142979456
1.0888   151.1102   -224.136107956
1.0888   153.3324   -224.129385492
1.0888   155.5546   -224.122878145
1.0888   157.7768   -224.116651161
1.0888   159.9990   -224.110768792
                         
1.1110   60.0000   -223.971352289
1.1110   62.2222   -224.000821317
1.1110   64.4444   -224.021941651
1.1110   66.6666   -224.036462432
1.1110   68.8888   -224.045753891
1.1110   71.1110   -224.050890601
1.1110   73.3332   
1.1110   75.5554   -224.051890967
1.1110   77.7776   -224.048935915
1.1110   79.9998   -224.044258871
1.1110   82.2220   -224.039019382
1.1110   84.4442   -224.040804299
1.1110   86.6664   -224.049362506
1.1110   88.8886   -224.062648986
1.1110   91.1108   -224.079083644
1.1110   93.3330   -224.097459919
1.1110   95.5552   -224.116864722
1.1110   97.7774   -224.136612624
1.1110   99.9996   -224.154927795
1.1110   102.2218   -224.207534242
1.1110   104.4440   -224.218568663
1.1110   106.6662   -224.227617793
1.1110   108.8884   -224.234850621
1.1110   111.1106   -224.240416677
1.1110   113.3328   -224.244448750
1.1110   115.5550   -224.247065292
1.1110   117.7772   -224.248372522
1.1110   119.9994   -224.248466278
1.1110   122.2216   -224.225404120
1.1110   124.4438   
1.1110   126.6660   -224.222447668
1.1110   128.8882   -224.219481090
1.1110   131.1104   -224.215618791
1.1110   133.3326   -224.210928757
1.1110   135.5548   -224.205519176
1.1110   137.7770   -224.199730398
1.1110   139.9992   -224.193680746
1.1110   142.2214   -224.187437735
1.1110   144.4436   -224.181067012
1.1110   146.6658   -224.174632781
1.1110   148.8880   -224.168198178
1.1110   151.1102   -224.161825587
1.1110   153.3324   -224.155576877
1.1110   155.5546   -224.149513559
1.1110   157.7768   -224.143696835
1.1110   159.9990   -224.138187522
                         
1.1332   60.0000   -224.027802030
1.1332   62.2222   -224.052991407
1.1332   64.4444   -224.070624123
1.1332   66.6666   -224.082308739
1.1332   68.8888   -224.089300829
1.1332   71.1110   -224.092581194
1.1332   73.3332   -224.092916212
1.1332   75.5554   -224.090904898
1.1332   77.7776   -224.087015791
1.1332   79.9998   -224.081615921
1.1332   82.2220   -224.076360665
1.1332   84.4442   -224.078108117
1.1332   86.6664   -224.085831657
1.1332   88.8886   -224.097685968
1.1332   91.1108   -224.112252477
1.1332   93.3330   -224.128453158
1.1332   95.5552   -224.145476151
1.1332   97.7774   -224.162715201
1.1332   99.9996   -224.226715279
1.1332   102.2218   -224.238415267
1.1332   104.4440   -224.248101204
1.1332   106.6662   -224.255952011
1.1332   108.8884   -224.262125251
1.1332   111.1106   -224.266760115
1.1332   113.3328   -224.269980041
1.1332   115.5550   -224.271895006
1.1332   117.7772   -224.272603518
1.1332   119.9994   -224.272194361
1.1332   122.2216   -224.270748112
1.1332   124.4438   -224.268338497
1.1332   126.6660   -224.265033598
1.1332   128.8882   -224.235182110
1.1332   131.1104   -224.231327359
1.1332   133.3326   -224.226761143
1.1332   135.5548   -224.221783764
1.1332   137.7770   -224.216490457
1.1332   139.9992   -224.210944633
1.1332   142.2214   -224.205207713
1.1332   144.4436   -224.199339585
1.1332   146.6658   -224.193399027
1.1332   148.8880   -224.187444083
1.1332   151.1102   -224.181532380
1.1332   153.3324   -224.175721390
1.1332   155.5546   -224.170068615
1.1332   157.7768   -224.164631685
1.1332   159.9990   -224.159468355
                         
1.1554   60.0000   -224.075360492
1.1554   62.2222   -224.096689789
1.1554   64.4444   -224.111188263
1.1554   66.6666   -224.120333657
1.1554   68.8888   -224.125275144
1.1554   71.1110   -224.126906816
1.1554   73.3332   -224.125924477
1.1554   75.5554   -224.122869923
1.1554   77.7776   -224.118165576
1.1554   79.9998   -224.112141502
1.1554   82.2220   -224.106991230
1.1554   84.4442   -224.108585775
1.1554   86.6664   -224.115451863
1.1554   88.8886   -224.125927918
1.1554   91.1108   -224.138741966
1.1554   93.3330   -224.152931281
1.1554   95.5552   -224.167773861
1.1554   97.7774   -224.240761881
1.1554   99.9996   -224.253159166
1.1554   102.2218   -224.263503083
1.1554   104.4440   -224.271984053
1.1554   106.6662   -224.278769017
1.1554   108.8884   -224.284004718
1.1554   111.1106   -224.287820581
1.1554   113.3328   -224.290331226
1.1554   115.5550   -224.291638635
1.1554   117.7772   -224.291834032
1.1554   119.9994   -224.290999516
1.1554   122.2216   -224.289209485
1.1554   124.4438   -224.286531894
1.1554   126.6660   -224.283029387
1.1554   128.8882   -224.278760335
1.1554   131.1104   -224.241857183
1.1554   133.3326   -224.237689831
1.1554   135.5548   -224.233159272
1.1554   137.7770   -224.228325374
1.1554   139.9992   -224.223245853
1.1554   142.2214   -224.217976756
1.1554   144.4436   -224.212572903
1.1554   146.6658   -224.207088302
1.1554   148.8880   -224.201576512
1.1554   151.1102   -224.196090965
1.1554   153.3324   -224.190685231
1.1554   155.5546   -224.185413228
1.1554   157.7768   -224.180329361
1.1554   159.9990   -224.175488574
                         
1.1776   60.0000   -224.115103280
1.1776   62.2222   -224.132950165
1.1776   64.4444   -224.144631246
1.1776   66.6666   -224.151502529
1.1776   68.8888   -224.154614493
1.1776   71.1110   -224.154781203
1.1776   73.3332   -224.152633803
1.1776   75.5554   -224.148662142
1.1776   77.7776   -224.143247191
1.1776   79.9998   -224.136686083
1.1776   82.2220   -224.131726648
1.1776   84.4442   -224.133089107
1.1776   86.6664   -224.139100937
1.1776   88.8886   -224.148268803
1.1776   91.1108   -224.159453351
1.1776   93.3330   -224.234802131
1.1776   95.5552   -224.250273833
1.1776   97.7774   -224.263407480
1.1776   99.9996   -224.274436725
1.1776   102.2218   -224.283565280
1.1776   104.4440   -224.290970978
1.1776   106.6662   -224.296809399
1.1776   108.8884   -224.301217063
1.1776   111.1106   -224.304314190
1.1776   113.3328   -224.306207087
1.1776   115.5550   -224.306990199
1.1776   117.7772   -224.306747867
1.1776   119.9994   -224.305555858
1.1776   122.2216   -224.303482696
1.1776   124.4438   -224.300590839
1.1776   126.6660   -224.296937739
1.1776   128.8882   -224.292576823
1.1776   131.1104   -224.248279135
1.1776   133.3326   -224.244506963
1.1776   135.5548   -224.240388222
1.1776   137.7770   -224.235977432
1.1776   139.9992   -224.231327269
1.1776   142.2214   -224.226489025
1.1776   144.4436   -224.221513041
1.1776   146.6658   -224.216449099
1.1776   148.8880   -224.211346772
1.1776   151.1102   -224.206255738
1.1776   153.3324   -224.201226049
1.1776   155.5546   -224.196308356
1.1776   157.7768   -224.191554082
1.1776   159.9990   -224.187015518
                         
1.1998   60.0000   -224.147974593
1.1998   62.2222   -224.162678940
1.1998   64.4444   -224.171826625
1.1998   66.6666   -224.176660380
1.1998   68.8888   -224.178139239
1.1998   71.1110   -224.177003625
1.1998   73.3332   -224.173825692
1.1998   75.5554   -224.169048384
1.1998   77.7776   -224.163015596
1.1998   79.9998   -224.155995231
1.1998   82.2220   -224.151291304
1.1998   84.4442   -224.152372969
1.1998   86.6664   -224.157554912
1.1998   88.8886   -224.165497100
1.1998   91.1108   -224.175179775
1.1998   93.3330   -224.255764458
1.1998   95.5552   -224.269682088
1.1998   97.7774   -224.281431214
1.1998   99.9996   -224.291230873
1.1998   102.2218   -224.299271510
1.1998   104.4440   -224.305719000
1.1998   106.6662   -224.310718184
1.1998   108.8884   -224.314395945
1.1998   111.1106   -224.316863836
1.1998   113.3328   -224.318220339
1.1998   115.5550   -224.318552787
1.1998   117.7772   -224.317939017
1.1998   119.9994   -224.316448797
1.1998   122.2216   -224.314145073
1.1998   124.4438   -224.311085069
1.1998   126.6660   -224.307321293
1.1998   128.8882   -224.302902458
1.1998   131.1104   -224.297874373
1.1998   133.3326   -224.292280809
1.1998   135.5548   -224.244118236
1.1998   137.7770   -224.240094732
1.1998   139.9992   -224.235838084
1.1998   142.2214   -224.231395366
1.1998   144.4436   -224.226812933
1.1998   146.6658   -224.222136788
1.1998   148.8880   -224.217412918
1.1998   151.1102   -224.212687594
1.1998   153.3324   -224.208007640
1.1998   155.5546   -224.203420671
1.1998   157.7768   -224.198975287
1.1998   159.9990   -224.194721213
                         
1.2220   60.0000   -224.174803619
1.2220   62.2222   -224.186671212
1.2220   64.4444   -224.193539950
1.2220   66.6666   -224.196547220
1.2220   68.8888   -224.196567518
1.2220   71.1110   -224.194273738
1.2220   73.3332   -224.190184492
1.2220   75.5554   -224.184700587
1.2220   77.7776   -224.178132901
1.2220   79.9998   
1.2220   82.2220   -224.166328941
1.2220   84.4442   -224.167106708
1.2220   86.6664   -224.171500483
1.2220   88.8886   -224.178309227
1.2220   91.1108   -224.257670048
1.2220   93.3330   -224.272429199
1.2220   95.5552   -224.284941085
1.2220   97.7774   -224.295442386
1.2220   99.9996   -224.304138125
1.2220   102.2218   -224.311206125
1.2220   104.4440   -224.316800948
1.2220   106.6662   -224.321057314
1.2220   108.8884   -224.324093033
1.2220   111.1106   -224.326011508
1.2220   113.3328   -224.326903849
1.2220   115.5550   -224.326850684
1.2220   117.7772   -224.325923701
1.2220   119.9994   -224.324186985
1.2220   122.2216   -224.321698190
1.2220   124.4438   -224.318509571
1.2220   126.6660   -224.314668939
1.2220   128.8882   -224.310220538
1.2220   131.1104   -224.305205893
1.2220   133.3326   -224.299664645
1.2220   135.5548   -224.293635395
1.2220   137.7770   -224.287156584
1.2220   139.9992   -224.237347277
1.2220   142.2214   -224.233266644
1.2220   144.4436   -224.229045621
1.2220   146.6658   -224.224726797
1.2220   148.8880   -224.220352889
1.2220   151.1102   -224.215967026
1.2220   153.3324   -224.211613022
1.2220   155.5546   -224.207335612
1.2220   157.7768   -224.203180675
1.2220   159.9990   -224.199195406
                         
1.2442   60.0000   -224.196318814
1.2442   62.2222   -224.205624678
1.2442   64.4444   -224.210442353
1.2442   66.6666   -224.211811392
1.2442   68.8888   -224.210528358
1.2442   71.1110   -224.207204504
1.2442   73.3332   -224.202310094
1.2442   75.5554   -224.196208266
1.2442   77.7776   -224.189180554
1.2442   79.9998   -224.181526687
1.2442   82.2220   -224.177412085
1.2442   84.4442   -224.177884425
1.2442   86.6664   -224.181546130
1.2442   88.8886   -224.256357873
1.2442   91.1108   -224.272027520
1.2442   93.3330   -224.285354623
1.2442   95.5552   -224.296596139
1.2442   97.7774   -224.305973924
1.2442   99.9996   -224.313679646
1.2442   102.2218   -224.319879170
1.2442   104.4440   -224.324716387
1.2442   106.6662   -224.328316492
1.2442   108.8884   -224.330788773
1.2442   111.1106   -224.332228963
1.2442   113.3328   -224.332721232
1.2442   115.5550   -224.332339879
1.2442   117.7772   -224.331150780
1.2442   119.9994   -224.329212643
1.2442   122.2216   -224.326578106
1.2442   124.4438   -224.323294727
1.2442   126.6660   -224.319405877
1.2442   128.8882   -224.314951585
1.2442   131.1104   -224.309969345
1.2442   133.3326   -224.304494917
1.2442   135.5548   -224.298563131
1.2442   137.7770   -224.292208722
1.2442   139.9992   -224.285467209
1.2442   142.2214   -224.278375846
1.2442   144.4436   -224.228716068
1.2442   146.6658   -224.224726369
1.2442   148.8880   -224.255423894
1.2442   151.1102   -224.216605815
1.2442   153.3324   -224.212556103
1.2442   155.5546   -224.208569047
1.2442   157.7768   -224.204687857
1.2442   159.9990   -224.200957193
                         
1.2664   60.0000   -224.213160329
1.2664   62.2222   -224.220151741
1.2664   64.4444   -224.223122403
1.2664   66.6666   -224.223021199
1.2664   68.8888   -224.220573124
1.2664   71.1110   -224.216333441
1.2664   73.3332   -224.210728977
1.2664   75.5554   -224.204089291
1.2664   77.7776   -224.196669848
1.2664   79.9998   -224.188933888
1.2664   82.2220   -224.185050494
1.2664   84.4442   -224.185234195
1.2664   86.6664   -224.252133009
1.2664   88.8886   -224.268795276
1.2664   91.1108   -224.283001052
1.2664   93.3330   -224.295030547
1.2664   95.5552   -224.305125027
1.2664   97.7774   -224.313492179
1.2664   99.9996   -224.320310995
1.2664   102.2218   -224.325736056
1.2664   104.4440   -224.329901212
1.2664   106.6662   -224.332922712
1.2664   108.8884   -224.334901834
1.2664   111.1106   -224.335927096
1.2664   113.3328   -224.336076128
1.2664   115.5550   -224.335417255
1.2664   117.7772   -224.334010863
1.2664   119.9994   -224.331910579
1.2664   122.2216   -224.329164311
1.2664   124.4438   -224.325815187
1.2664   126.6660   -224.321902412
1.2664   128.8882   -224.317462067
1.2664   131.1104   -224.312527887
1.2664   133.3326   -224.307132011
1.2664   135.5548   -224.301305755
1.2664   137.7770   -224.295080387
1.2664   139.9992   -224.288487963
1.2664   142.2214   -224.281562216
1.2664   144.4436   -224.274339545
1.2664   146.6658   -224.222585101
1.2664   148.8880   -224.218834553
1.2664   151.1102   -224.251318334
1.2664   153.3324   -224.243367459
1.2664   155.5546   -224.207577700
1.2664   157.7768   -224.203954763
1.2664   159.9990   -224.200465422
                         
1.2886   60.0000   -224.225890852
1.2886   62.2222   -224.230790078
1.2886   64.4444   -224.232096448
1.2886   66.6666   -224.230675066
1.2886   68.8888   -224.227185497
1.2886   71.1110   -224.222132401
1.2886   73.3332   -224.215903744
1.2886   75.5554   -224.208799191
1.2886   77.7776   -224.201050959
1.2886   79.9998   -224.193379822
1.2886   82.2220   -224.189698818
1.2886   84.4442   -224.189626487
1.2886   86.6664   -224.262996325
1.2886   88.8886   -224.278156857
1.2886   91.1108   -224.291032616
1.2886   93.3330   -224.301887201
1.2886   95.5552   -224.310946823
1.2886   97.7774   -224.318405701
1.2886   99.9996   -224.324430850
1.2886   102.2218   -224.329166228
1.2886   104.4440   -224.332736259
1.2886   106.6662   -224.335248789
1.2886   108.8884   -224.336797565
1.2886   111.1106   -224.337464313
1.2886   113.3328   -224.337320498
1.2886   115.5550   -224.336428809
1.2886   117.7772   -224.334844455
1.2886   119.9994   -224.332616277
1.2886   122.2216   -224.329787741
1.2886   124.4438   -224.326397832
1.2886   126.6660   -224.322481871
1.2886   128.8882   -224.318072279
1.2886   131.1104   -224.313199309
1.2886   133.3326   -224.307891763
1.2886   135.5548   -224.302177700
1.2886   137.7770   -224.296085172
1.2886   139.9992   -224.289642985
1.2886   142.2214   -224.282881539
1.2886   144.4436   -224.275833741
1.2886   146.6658   -224.268536063
1.2886   148.8880   -224.261029763
1.2886   151.1102   -224.253362310
1.2886   153.3324   -224.245589057
1.2886   155.5546   -224.237775146
1.2886   157.7768   -224.229997584
1.2886   159.9990   -224.222347324
                         
1.3108   60.0000   -224.235005095
1.3108   62.2222   -224.238011886
1.3108   64.4444   -224.237817671
1.3108   66.6666   -224.235210426
1.3108   68.8888   -224.230790182
1.3108   71.1110   -224.225016085
1.3108   73.3332   -224.218241412
1.3108   75.5554   -224.210739188
1.3108   77.7776   -224.202720731
1.3108   79.9998   -224.195252229
1.3108   82.2220   -224.191763702
1.3108   84.4442   -224.191482054
1.3108   86.6664   -224.271051526
1.3108   88.8886   -224.284843897
1.3108   91.1108   -224.296512003
1.3108   93.3330   -224.306303441
1.3108   95.5552   -224.314430079
1.3108   97.7774   -224.321073385
1.3108   99.9996   -224.326389097
1.3108   102.2218   -224.330511201
1.3108   104.4440   -224.333555269
1.3108   106.6662   -224.335621253
1.3108   108.8884   -224.336795815
1.3108   111.1106   -224.337154288
1.3108   113.3328   -224.336762320
1.3108   115.5550   -224.335677299
1.3108   117.7772   -224.333949561
1.3108   119.9994   -224.331623465
1.3108   122.2216   -224.328738335
1.3108   124.4438   -224.325329313
1.3108   126.6660   -224.321428140
1.3108   128.8882   -224.317063877
1.3108   131.1104   -224.312263599
1.3108   133.3326   -224.307053055
1.3108   135.5548   -224.301457329
1.3108   137.7770   -224.295501505
1.3108   139.9992   -224.289211368
1.3108   142.2214   -224.282614161
1.3108   144.4436   -224.275739434
1.3108   146.6658   -224.268620019
1.3108   148.8880   -224.261293198
1.3108   151.1102   -224.253802090
1.3108   153.3324   -224.246197344
1.3108   155.5546   -224.238539143
1.3108   157.7768   -224.230899520
1.3108   159.9990   -224.223364856
                         
1.3330   60.0000   -224.240938111
1.3330   62.2222   -224.242232003
1.3330   64.4444   -224.240684042
1.3330   66.6666   -224.237011502
1.3330   68.8888   -224.231760508
1.3330   71.1110   -224.225349426
1.3330   73.3332   -224.218100583
1.3330   75.5554   -224.210263138
1.3330   77.7776   -224.202029416
1.3330   79.9998   -224.194899314
1.3330   82.2220   -224.191610608
1.3330   84.4442   -224.261873185
1.3330   86.6664   -224.276666337
1.3330   88.8886   -224.289212837
1.3330   91.1108   -224.299784895
1.3330   93.3330   -224.308614807
1.3330   95.5552   -224.315900834
1.3330   97.7774   -224.321812434
1.3330   99.9996   -224.326494754
1.3330   102.2218   -224.330072417
1.3330   104.4440   -224.332652687
1.3330   106.6662   -224.334328096
1.3330   108.8884   -224.335178640
1.3330   111.1106   -224.335273625
1.3330   113.3328   -224.334673235
1.3330   115.5550   -224.333429872
1.3330   117.7772   -224.331589324
1.3330   119.9994   -224.329191781
1.3330   122.2216   -224.326272743
1.3330   124.4438   -224.322863831
1.3330   126.6660   -224.318993531
1.3330   128.8882   -224.314687872
1.3330   131.1104   -224.309971071
1.3330   133.3326   -224.304866139
1.3330   135.5548   -224.299395481
1.3330   137.7770   -224.293581491
1.3330   139.9992   -224.287447180
1.3330   142.2214   -224.281016839
1.3330   144.4436   -224.274316800
1.3330   146.6658   -224.267376318
1.3330   148.8880   -224.260228637
1.3330   151.1102   -224.252912306
1.3330   153.3324   -224.245472833
1.3330   155.5546   -224.237964754
1.3330   157.7768   -224.230454177
1.3330   159.9990   -224.223021764
                         
1.3552   60.0000   -224.244072619
1.3552   62.2222   -224.243815052
1.3552   64.4444   -224.241045302
1.3552   66.6666   -224.236416132
1.3552   68.8888   -224.230425081
1.3552   71.1110   -224.223454038
1.3552   73.3332   -224.215797667
1.3552   75.5554   -224.207683556
1.3552   77.7776   -224.199288673
1.3552   79.9998   -224.192635517
1.3552   82.2220   -224.189570762
1.3552   84.4442   -224.266668902
1.3552   86.6664   -224.280171766
1.3552   88.8886   -224.291584035
1.3552   91.1108   -224.301161594
1.3552   93.3330   -224.309122192
1.3552   95.5552   -224.315651254
1.3552   97.7774   -224.320906951
1.3552   99.9996   -224.325024494
1.3552   102.2218   -224.328119727
1.3552   104.4440   -224.330292109
1.3552   106.6662   -224.331627194
1.3552   108.8884   -224.332198707
1.3552   111.1106   -224.332070293
1.3552   113.3328   -224.331297011
1.3552   115.5550   -224.329926620
1.3552   117.7772   -224.328000688
1.3552   119.9994   -224.325555581
1.3552   122.2216   -224.322623321
1.3552   124.4438   -224.319232365
1.3552   126.6660   -224.315408302
1.3552   128.8882   -224.311174495
1.3552   131.1104   -224.306552667
1.3552   133.3326   -224.301563453
1.3552   135.5548   -224.296226934
1.3552   137.7770   -224.290563158
1.3552   139.9992   -224.284592674
1.3552   142.2214   -224.278337110
1.3552   144.4436   -224.271819803
1.3552   146.6658   -224.265066549
1.3552   148.8880   -224.258106516
1.3552   151.1102   -224.250973395
1.3552   153.3324   -224.243706900
1.3552   155.5546   -224.236354769
1.3552   157.7768   -224.228975412
1.3552   159.9990   -224.221641384
                         
1.3774   60.0000   -224.244745465
1.3774   62.2222   -224.243081748
1.3774   64.4444   -224.239209127
1.3774   66.6666   -224.233721769
1.3774   68.8888   -224.227073576
1.3774   71.1110   -224.219613824
1.3774   73.3332   -224.211612298
1.3774   75.5554   -224.203276852
1.3774   77.7776   -224.194977591
1.3774   79.9998   -224.188747581
1.3774   82.2220   -224.254996909
1.3774   84.4442   -224.269548891
1.3774   86.6664   -224.281873193
1.3774   88.8886   -224.292252771
1.3774   91.1108   -224.300927936
1.3774   93.3330   -224.308102686
1.3774   95.5552   -224.313950385
1.3774   97.7774   -224.318618619
1.3774   99.9996   -224.322233290
1.3774   102.2218   -224.324902005
1.3774   104.4440   -224.326716894
1.3774   106.6662   -224.327756959
1.3774   108.8884   -224.328090041
1.3774   111.1106   -224.327774495
1.3774   113.3328   -224.326860619
1.3774   115.5550   -224.325391889
1.3774   117.7772   -224.323406034
1.3774   119.9994   -224.320935975
1.3774   122.2216   -224.318010658
1.3774   124.4438   -224.314655790
1.3774   126.6660   -224.310894497
1.3774   128.8882   -224.306747917
1.3774   131.1104   -224.302235741
1.3774   133.3326   -224.297376708
1.3774   135.5548   -224.292189067
1.3774   137.7770   -224.286691031
1.3774   139.9992   -224.280901212
1.3774   142.2214   -224.274839081
1.3774   144.4436   -224.268525453
1.3774   146.6658   -224.261983042
1.3774   148.8880   -224.255237110
1.3774   151.1102   -224.248316298
1.3774   153.3324   -224.241253731
1.3774   155.5546   -224.234088597
1.3774   157.7768   -224.226868501
1.3774   159.9990   -224.219653034
                         
1.3996   60.0000   -224.243253346
1.3996   62.2222   -224.240314484
1.3996   64.4444   -224.235446558
1.3996   66.6666   -224.229190750
1.3996   68.8888   -224.221961838
1.3996   71.1110   -224.214079873
1.3996   73.3332   -224.205792065
1.3996   75.5554   -224.197287940
1.3996   77.7776   -224.189446094
1.3996   79.9998   -224.183501633
1.3996   82.2220   -224.257498525
1.3996   84.4442   -224.270820152
1.3996   86.6664   -224.282067158
1.3996   88.8886   -224.291505814
1.3996   91.1108   -224.299361669
1.3996   93.3330   -224.305825791
1.3996   95.5552   -224.311060240
1.3996   97.7774   -224.315202701
1.3996   99.9996   -224.318370362
1.3996   102.2218   -224.320663114
1.3996   104.4440   -224.322166227
1.3996   106.6662   -224.322952574
1.3996   108.8884   -224.323084525
1.3996   111.1106   -224.322615547
1.3996   113.3328   -224.321591587
1.3996   115.5550   -224.320052267
1.3996   117.7772   -224.318031919
1.3996   119.9994   -224.315560500
1.3996   122.2216   -224.312664380
1.3996   124.4438   -224.309367054
1.3996   126.6660   -224.305689758
1.3996   128.8882   -224.301652029
1.3996   131.1104   -224.297272197
1.3996   133.3326   -224.292567834
1.3996   135.5548   -224.287556163
1.3996   137.7770   -224.282254429
1.3996   139.9992   -224.276680244
1.3996   142.2214   -224.270851904
1.3996   144.4436   -224.264788679
1.3996   146.6658   -224.258511082
1.3996   148.8880   -224.252041131
1.3996   151.1102   -224.245402635
1.3996   153.3324   -224.238621591
1.3996   155.5546   -224.231726877
1.3996   157.7768   -224.224751538
1.3996   159.9990   -224.217735269
                         
1.4218   60.0000   -224.239857887
1.4218   62.2222   -224.235762264
1.4218   64.4444   -224.229996792
1.4218   66.6666   -224.223054906
1.4218   68.8888   -224.215316320
1.4218   71.1110   -224.207074744
1.4218   73.3332   -224.198556657
1.4218   75.5554   -224.190281198
1.4218   77.7776   -224.259256935
1.4218   79.9998   -224.262222029
1.4218   82.2220   -224.258619113
1.4218   84.4442   -224.270810331
1.4218   86.6664   -224.281070542
1.4218   88.8886   -224.289650134
1.4218   91.1108   -224.296760759
1.4218   93.3330   -224.302581383
1.4218   95.5552   -224.307263518
1.4218   97.7774   -224.310935616
1.4218   99.9996   -224.313706737
1.4218   102.2218   -224.315669587
1.4218   104.4440   -224.316903056
1.4218   106.6662   -224.317474363
1.4218   108.8884   -224.317440870
1.4218   111.1106   -224.316851640
1.4218   113.3328   -224.315748779
1.4218   115.5550   -224.314168594
1.4218   117.7772   -224.312142608
1.4218   119.9994   -224.309698437
1.4218   122.2216   -224.306860566
1.4218   124.4438   -224.303651018
1.4218   126.6660   -224.300089952
1.4218   128.8882   -224.296196186
1.4218   131.1104   -224.291987645
1.4218   133.3326   -224.287481767
1.4218   135.5548   -224.282695829
1.4218   137.7770   -224.277647221
1.4218   139.9992   -224.272353638
1.4218   142.2214   -224.266833194
1.4218   144.4436   -224.261104439
1.4218   146.6658   -224.255186289
1.4218   148.8880   -224.249097867
1.4218   151.1102   -224.242858323
1.4218   153.3324   -224.236486653
1.4218   155.5546   -224.230001652
1.4218   157.7768   -224.223422112
1.4218   159.9990   -224.216767498
                         
1.4440   60.0000   -224.234790137
1.4440   62.2222   -224.229645068
1.4440   64.4444   -224.223071408
1.4440   66.6666   -224.215519634
1.4440   68.8888   -224.207337983
1.4440   71.1110   -224.198796223
1.4440   73.3332   -224.190101537
1.4440   75.5554   -224.182384403
1.4440   77.7776   -224.257862105
1.4440   79.9998   -224.260648185
1.4440   82.2220   -224.258768202
1.4440   84.4442   -224.269916246
1.4440   86.6664   -224.279268458
1.4440   88.8886   -224.287060232
1.4440   91.1108   -224.293490233
1.4440   93.3330   -224.298726179
1.4440   95.5552   -224.302909804
1.4440   97.7774   -224.306161013
1.4440   99.9996   -224.308581355
1.4440   102.2218   -224.310256917
1.4440   104.4440   -224.311260765
1.4440   106.6662   -224.311655009
1.4440   108.8884   -224.311492570
1.4440   111.1106   -224.310818702
1.4440   113.3328   -224.309672294
1.4440   115.5550   -224.308087013
1.4440   117.7772   -224.306092278
1.4440   119.9994   -224.303714117
1.4440   122.2216   -224.300975898
1.4440   124.4438   -224.297898966
1.4440   126.6660   -224.294503184
1.4440   128.8882   -224.290807384
1.4440   131.1104   -224.286829735
1.4440   133.3326   -224.282588026
1.4440   135.5548   -224.278099861
1.4440   137.7770   -224.273382765
1.4440   139.9992   -224.268454198
1.4440   142.2214   -224.263331491
1.4440   144.4436   -224.258031711
1.4440   146.6658   -224.252571478
1.4440   148.8880   -224.246966745
1.4440   151.1102   -224.241232584
1.4440   153.3324   -224.235382976
1.4440   155.5546   -224.229430642
1.4440   157.7768   -224.223386903
1.4440   159.9990   -224.217261598
                         
1.4662   60.0000   -224.228254554
1.4662   62.2222   -224.222157722
1.4662   64.4444   -224.214858056
1.4662   66.6666   -224.206767435
1.4662   68.8888   -224.198205699
1.4662   71.1110   -224.189420634
1.4662   73.3332   -224.249772025
1.4662   75.5554   -224.253010551
1.4662   77.7776   -224.255922560
1.4662   79.9998   -224.258484539
1.4662   82.2220   -224.258459379
1.4662   84.4442   -224.268639268
1.4662   86.6664   -224.277151058
1.4662   88.8886   -224.284216131
1.4662   91.1108   -224.290021139
1.4662   93.3330   -224.294723456
1.4662   95.5552   -224.298455843
1.4662   97.7774   -224.301330383
1.4662   99.9996   -224.303441773
1.4662   102.2218   -224.304870102
1.4662   104.4440   -224.305683205
1.4662   106.6662   -224.305938670
1.4662   108.8884   -224.305685560
1.4662   111.1106   -224.304965890
1.4662   113.3328   -224.303815900
1.4662   115.5550   -224.302267143
1.4662   117.7772   -224.300347415
1.4662   119.9994   -224.298081548
1.4662   122.2216   -224.295492073
1.4662   124.4438   -224.292599771
1.4662   126.6660   -224.289424117
1.4662   128.8882   -224.285983631
1.4662   131.1104   -224.282296133
1.4662   133.3326   -224.278378921
1.4662   135.5548   -224.274248867
1.4662   137.7770   -224.269922461
1.4662   139.9992   -224.265415785
1.4662   142.2214   -224.260744465
1.4662   144.4436   -224.255923584
1.4662   146.6658   -224.250967593
1.4662   148.8880   -224.245890226
1.4662   151.1102   -224.240704429
1.4662   153.3324   -224.235422328
1.4662   155.5546   -224.230055256
1.4662   157.7768   -224.224613865
1.4662   159.9990   -224.219108400
                         
1.4884   60.0000   -224.220432536
1.4884   62.2222   -224.213473262
1.4884   64.4444   -224.205523706
1.4884   66.6666   -224.196961015
1.4884   68.8888   -224.188079242
1.4884   71.1110   -224.179105772
1.4884   73.3332   -224.248342165
1.4884   75.5554   -224.251349982
1.4884   77.7776   -224.254012402
1.4884   79.9998   -224.256317933
1.4884   82.2220   -224.258214782
1.4884   84.4442   -224.267495515
1.4884   86.6664   -224.275228821
1.4884   88.8886   -224.281623128
1.4884   91.1108   -224.286854046
1.4884   93.3330   -224.291069475
1.4884   95.5552   -224.294393974
1.4884   97.7774   -224.296932482
1.4884   99.9996   -224.298773448
1.4884   102.2218   -224.299991510
1.4884   104.4440   -224.300649762
1.4884   106.6662   -224.300801706
1.4884   108.8884   -224.300492915
1.4884   111.1106   -224.299762462
1.4884   113.3328   -224.298644124
1.4884   115.5550   -224.297167415
1.4884   117.7772   -224.295358438
1.4884   119.9994   -224.293240604
1.4884   122.2216   -224.290835214
1.4884   124.4438   -224.288161930
1.4884   126.6660   -224.285239143
1.4884   128.8882   -224.282084260
1.4884   131.1104   -224.278713903
1.4884   133.3326   -224.275144059
1.4884   135.5548   -224.271390167
1.4884   137.7770   -224.267467174
1.4884   139.9992   -224.263389551
1.4884   142.2214   -224.259171308
1.4884   144.4436   -224.254825992
1.4884   146.6658   -224.250366704
1.4884   148.8880   -224.245806133
1.4884   151.1102   -224.241156642
1.4884   153.3324   -224.236430426
1.4884   155.5546   -224.231639798
1.4884   157.7768   -224.226797678
1.4884   159.9990   -224.221918452
                         
1.5106   60.0000   -224.211485488
1.5106   62.2222   -224.203745895
1.5106   64.4444   -224.195217455
1.5106   66.6666   -224.186245967
1.5106   68.8888   -224.177101904
1.5106   71.1110   -224.244343977
1.5106   73.3332   -224.247458019
1.5106   75.5554   -224.250235376
1.5106   77.7776   -224.252654378
1.5106   79.9998   -224.254713157
1.5106   82.2220   -224.258373673
1.5106   84.4442   -224.266824292
1.5106   86.6664   -224.273841064
1.5106   88.8886   -224.279620412
1.5106   91.1108   -224.284327722
1.5106   93.3330   -224.288102100
1.5106   95.5552   -224.291060478
1.5106   97.7774   -224.293301133
1.5106   99.9996   -224.294906687
1.5106   102.2218   -224.295946675
1.5106   104.4440   -224.296479747
1.5106   106.6662   -224.296555541
1.5106   108.8884   -224.296216293
1.5106   111.1106   -224.295498192
1.5106   113.3328   -224.294432526
1.5106   115.5550   -224.293046637
1.5106   117.7772   -224.291364714
1.5106   119.9994   -224.289408438
1.5106   122.2216   -224.287197506
1.5106   124.4438   -224.284750050
1.5106   126.6660   -224.282082964
1.5106   128.8882   -224.279212159
1.5106   131.1104   -224.276152753
1.5106   133.3326   -224.272919211
1.5106   135.5548   -224.269525458
1.5106   137.7770   -224.265984955
1.5106   139.9992   -224.262310763
1.5106   142.2214   -224.258515605
1.5106   144.4436   -224.254611932
1.5106   146.6658   -224.250612013
1.5106   148.8880   -224.246528067
1.5106   151.1102   -224.242372454
1.5106   153.3324   -224.238157977
1.5106   155.5546   -224.233898352
1.5106   157.7768   -224.229608953
1.5106   159.9990   -224.225308038
                         
1.5328   60.0000   -224.201557541
1.5328   62.2222   -224.193113559
1.5328   64.4444   -224.184072952
1.5328   66.6666   -224.174753112
1.5328   68.8888   -224.241139423
1.5328   71.1110   -224.244380876
1.5328   73.3332   -224.247305756
1.5328   75.5554   -224.249875245
1.5328   77.7776   -224.252079927
1.5328   79.9998   -224.141963027
1.5328   82.2220   -224.259049357
1.5328   84.4442   -224.266738428
1.5328   86.6664   -224.273100206
1.5328   88.8886   -224.278319880
1.5328   91.1108   -224.282553212
1.5328   93.3330   -224.285930983
1.5328   95.5552   -224.288562864
1.5328   97.7774   -224.290540772
1.5328   99.9996   -224.291941750
1.5328   102.2218   -224.292830448
1.5328   104.4440   -224.293261242
1.5328   106.6662   -224.293280048
1.5328   108.8884   -224.292925857
1.5328   111.1106   -224.292232024
1.5328   113.3328   -224.291227345
1.5328   115.5550   -224.289936947
1.5328   117.7772   -224.288383020
1.5328   119.9994   -224.286585406
1.5328   122.2216   -224.284562082
1.5328   124.4438   -224.282329537
1.5328   126.6660   -224.279903083
1.5328   128.8882   -224.277297081
1.5328   131.1104   -224.274525141
1.5328   133.3326   -224.271600265
1.5328   135.5548   -224.268534966
1.5328   137.7770   -224.265341375
1.5328   139.9992   -224.262031335
1.5328   142.2214   -224.258616494
1.5328   144.4436   -224.255108415
1.5328   146.6658   -224.251518716
1.5328   148.8880   -224.247859252
1.5328   151.1102   -224.244142376
1.5328   153.3324   -224.240381312
1.5328   155.5546   -224.236590713
1.5328   157.7768   -224.232787507
1.5328   159.9990   -224.228992241
                         
1.5550   60.0000   -224.190777859
1.5550   62.2222   -224.181700110
1.5550   64.4444   -224.172210473
1.5550   66.6666   -224.238652889
1.5550   68.8888   -224.242028079
1.5550   71.1110   -224.245125648
1.5550   73.3332   -224.247879166
1.5550   75.5554   -224.250265801
1.5550   77.7776   -224.252286347
1.5550   79.9998   -224.139707416
1.5550   82.2220   -224.144540358
1.5550   84.4442   -224.267212602
1.5550   86.6664   -224.272978127
1.5550   88.8886   -224.277690680
1.5550   91.1108   -224.281496849
1.5550   93.3330   -224.284519419
1.5550   95.5552   -224.286861057
1.5550   97.7774   -224.288607529
1.5550   99.9996   -224.289830489
1.5550   102.2218   -224.290589868
1.5550   104.4440   -224.290935933
1.5550   106.6662   -224.290911015
1.5550   108.8884   -224.290550982
1.5550   111.1106   -224.289886453
1.5550   113.3328   -224.288943806
1.5550   115.5550   -224.287746012
1.5550   117.7772   -224.286313301
1.5550   119.9994   -224.284663712
1.5550   122.2216   -224.282813534
1.5550   124.4438   -224.280777658
1.5550   126.6660   -224.278569862
1.5550   128.8882   -224.276203036
1.5550   131.1104   -224.273689378
1.5550   133.3326   -224.271040528
1.5550   135.5548   -224.268267722
1.5550   137.7770   -224.265381889
1.5550   139.9992   -224.262393773
1.5550   142.2214   -224.259314049
1.5550   144.4436   -224.256153450
1.5550   146.6658   -224.252922931
1.5550   148.8880   -224.249633883
1.5550   151.1102   -224.246298407
1.5550   153.3324   -224.242929710
1.5550   155.5546   -224.239542670
1.5550   157.7768   -224.236154678
1.5550   159.9990   -224.232786912
                         
1.5772   60.0000   -224.179262638
1.5772   62.2222   -224.169617171
1.5772   64.4444   -224.236761819
1.5772   66.6666   -224.240249573
1.5772   68.8888   -224.243528688
1.5772   71.1110   -224.246489529
1.5772   73.3332   -224.249086922
1.5772   75.5554   -224.251311398
1.5772   77.7776   -224.253172284
1.5772   79.9998   -224.139645389
1.5772   82.2220   -224.144778849
1.5772   84.4442   -224.268165509
1.5772   86.6664   -224.273389423
1.5772   88.8886   -224.277643494
1.5772   91.1108   -224.281065492
1.5772   93.3330   -224.283770470
1.5772   95.5552   -224.285854309
1.5772   97.7774   -224.287396824
1.5772   99.9996   -224.288464463
1.5772   102.2218   -224.289112629
1.5772   104.4440   -224.289387653
1.5772   106.6662   -224.289328455
1.5772   108.8884   -224.288967937
1.5772   111.1106   -224.288334124
1.5772   113.3328   -224.287451107
1.5772   115.5550   -224.286339810
1.5772   117.7772   -224.285018608
1.5772   119.9994   -224.283503835
1.5772   122.2216   -224.281810188
1.5772   124.4438   -224.279951054
1.5772   126.6660   -224.277938787
1.5772   128.8882   -224.275784911
1.5772   131.1104   -224.273500319
1.5772   133.3326   -224.271095417
1.5772   135.5548   -224.268580262
1.5772   137.7770   -224.265964683
1.5772   139.9992   -224.263258401
1.5772   142.2214   -224.260471157
1.5772   144.4436   -224.257612847
1.5772   146.6658   -224.254693691
1.5772   148.8880   -224.251724448
1.5772   151.1102   -224.248716672
1.5772   153.3324   -224.245683111
1.5772   155.5546   -224.242638213
1.5772   157.7768   -224.239598881
1.5772   159.9990   -224.236585589
                         
1.5994   60.0000   -224.167116772
1.5994   62.2222   -224.156965698
1.5994   64.4444   -224.238905512
1.5994   66.6666   -224.242352214
1.5994   68.8888   -224.245530732
1.5994   71.1110   -224.248360047
1.5994   73.3332   -224.250812902
1.5994   75.5554   -224.252891010
1.5994   77.7776   -224.254610861
1.5994   79.9998   -224.141074064
1.5994   82.2220   -224.146207534
1.5994   84.4442   -224.150762141
1.5994   86.6664   -224.274234706
1.5994   88.8886   -224.278074734
1.5994   91.1108   -224.281151538
1.5994   93.3330   -224.283572689
1.5994   95.5552   -224.285427498
1.5994   97.7774   -224.286790044
1.5994   99.9996   -224.287721786
1.5994   102.2218   -224.288273810
1.5994   104.4440   -224.288488723
1.5994   106.6662   -224.288402233
1.5994   108.8884   -224.288044459
1.5994   111.1106   -224.287441003
1.5994   113.3328   -224.286613820
1.5994   115.5550   -224.285581927
1.5994   117.7772   -224.284361976
1.5994   119.9994   -224.282968711
1.5994   122.2216   -224.281415355
1.5994   124.4438   -224.279713911
1.5994   126.6660   -224.277875415
1.5994   128.8882   -224.275910146
1.5994   131.1104   -224.273827805
1.5994   133.3326   -224.271637664
1.5994   135.5548   -224.269348704
1.5994   137.7770   -224.266969724
1.5994   139.9992   -224.264509484
1.5994   142.2214   -224.261976814
1.5994   144.4436   -224.259380753
1.5994   146.6658   -224.256730710
1.5994   148.8880   -224.254036658
1.5994   151.1102   -224.251309383
1.5994   153.3324   -224.248560814
1.5994   155.5546   -224.245804472
1.5994   157.7768   -224.243056100
1.5994   159.9990   -224.240334550
                         
1.6216   60.0000   -224.154435253
1.6216   62.2222   -224.237894923
1.6216   64.4444   -224.241462121
1.6216   66.6666   -224.244850963
1.6216   68.8888   -224.247924273
1.6216   71.1110   -224.250625439
1.6216   73.3332   -224.252942269
1.6216   75.5554   -224.254885867
1.6216   77.7776   -224.256478766
1.6216   79.9998   -224.143522812
1.6216   82.2220   -224.148498327
1.6216   84.4442   -224.152863216
1.6216   86.6664   -224.275418961
1.6216   88.8886   -224.278885313
1.6216   91.1108   -224.281652064
1.6216   93.3330   -224.283819550
1.6216   95.5552   -224.285470762
1.6216   97.7774   -224.286674280
1.6216   99.9996   -224.287486823
1.6216   102.2218   -224.287955402
1.6216   104.4440   -224.288119133
1.6216   106.6662   -224.288010729
1.6216   108.8884   -224.287657728
1.6216   111.1106   -224.287083487
1.6216   113.3328   -224.286307989
1.6216   115.5550   -224.285348490
1.6216   117.7772   -224.284220051
1.6216   119.9994   -224.282935962
1.6216   122.2216   -224.281508085
1.6216   124.4438   -224.279947155
1.6216   126.6660   -224.278263009
1.6216   128.8882   -224.276464790
1.6216   131.1104   -224.274561113
1.6216   133.3326   -224.272560215
1.6216   135.5548   -224.270470081
1.6216   137.7770   -224.268298571
1.6216   139.9992   -224.266053531
1.6216   142.2214   -224.263742908
1.6216   144.4436   -224.261374881
1.6216   146.6658   -224.258958005
1.6216   148.8880   -224.256501378
1.6216   151.1102   
1.6216   153.3324   -224.251509355
1.6216   155.5546   -224.248997146
1.6216   157.7768   -224.246492428
1.6216   159.9990   -224.244011960
                         
1.6438   60.0000   -224.212381372
1.6438   62.2222   -224.240764566
1.6438   64.4444   -224.244329585
1.6438   66.6666   -224.247645722
1.6438   68.8888   -224.250609296
1.6438   71.1110   -224.253184391
1.6438   73.3332   -224.255371488
1.6438   75.5554   -224.197034926
1.6438   77.7776   -224.217433145
1.6438   79.9998   -224.146671376
1.6438   82.2220   -224.151406057
1.6438   84.4442   -224.155529746
1.6438   86.6664   -224.159118643
1.6438   88.8886   -224.279987512
1.6438   91.1108   -224.282475805
1.6438   93.3330   -224.284416525
1.6438   95.5552   -224.285886607
1.6438   97.7774   -224.286949417
1.6438   99.9996   -224.287657195
1.6438   102.2218   -224.288053145
1.6438   104.4440   -224.288173139
1.6438   106.6662   -224.288047120
1.6438   108.8884   -224.287700248
1.6438   111.1106   -224.287153819
1.6438   113.3328   -224.286426001
1.6438   115.5550   -224.285532438
1.6438   117.7772   -224.284486732
1.6438   119.9994   -224.283300836
1.6438   122.2216   -224.281985380
1.6438   124.4438   -224.280549940
1.6438   126.6660   -224.279003265
1.6438   128.8882   -224.277353464
1.6438   131.1104   -224.275608170
1.6438   133.3326   -224.273774679
1.6438   135.5548   -224.271860074
1.6438   137.7770   -224.269871341
1.6438   139.9992   -224.267815475
1.6438   142.2214   -224.265699587
1.6438   144.4436   -224.263531018
1.6438   146.6658   -224.261317460
1.6438   148.8880   -224.259067114
1.6438   151.1102   -224.256788859
1.6438   153.3324   -224.254492462
1.6438   155.5546   -224.252188880
1.6438   157.7768   -224.249890612
1.6438   159.9990   -224.247612192
                         
1.6660   60.0000   -224.210376375
1.6660   62.2222   -224.243882196
1.6660   64.4444   -224.247418695
1.6660   66.6666   -224.250649232
1.6660   68.8888   -224.253498877
1.6660   71.1110   -224.210107178
1.6660   73.3332   -224.212628980
1.6660   75.5554   -224.214939151
1.6660   77.7776   -224.217009833
1.6660   79.9998   -224.150292914
1.6660   82.2220   -224.154745889
1.6660   84.4442   -224.158604683
1.6660   86.6664   -224.161951594
1.6660   88.8886   -224.164861339
1.6660   91.1108   -224.283544880
1.6660   93.3330   -224.285282798
1.6660   95.5552   -224.286591611
1.6660   97.7774   -224.287529762
1.6660   99.9996   -224.288145317
1.6660   102.2218   -224.288477941
1.6660   104.4440   -224.288560511
1.6660   106.6662   -224.288420426
1.6660   108.8884   -224.288080667
1.6660   111.1106   -224.287560641
1.6660   113.3328   -224.286876860
1.6660   115.5550   -224.286043491
1.6660   117.7772   -224.285072805
1.6660   119.9994   -224.283975535
1.6660   122.2216   -224.282761190
1.6660   124.4438   -224.281438295
1.6660   126.6660   -224.280014615
1.6660   128.8882   -224.278497328
1.6660   131.1104   -224.276893181
1.6660   133.3326   -224.275208617
1.6660   135.5548   -224.273449907
1.6660   137.7770   -224.271623237
1.6660   139.9992   -224.269734825
1.6660   142.2214   -224.267791001
1.6660   144.4436   -224.265798311
1.6660   146.6658   -224.263763631
1.6660   148.8880   -224.261694282
1.6660   151.1102   -224.259598165
1.6660   153.3324   -224.257483942
1.6660   155.5546   -224.255361244
1.6660   157.7768   -224.253240931
1.6660   159.9990   -224.251135436
                         
1.6882   60.0000   -224.243468857
1.6882   62.2222   -224.247168112
1.6882   64.4444   -224.250653538
1.6882   66.6666   -224.253787482
1.6882   68.8888   -224.208107190
1.6882   71.1110   -224.210615657
1.6882   73.3332   -224.212960830
1.6882   75.5554   -224.215097276
1.6882   77.7776   -224.217003087
1.6882   79.9998   -224.154221866
1.6882   82.2220   -224.158376809
1.6882   84.4442   -224.161963832
1.6882   86.6664   -224.165067426
1.6882   88.8886   -224.167762291
1.6882   91.1108   -224.170112826
1.6882   93.3330   -224.286350733
1.6882   95.5552   -224.287515845
1.6882   97.7774   -224.288343448
1.6882   99.9996   -224.288877730
1.6882   102.2218   -224.289155092
1.6882   104.4440   -224.289205664
1.6882   106.6662   -224.289054519
1.6882   108.8884   -224.288722645
1.6882   111.1106   -224.288227726
1.6882   113.3328   -224.287584761
1.6882   115.5550   -224.286806571
1.6882   117.7772   -224.285904210
1.6882   119.9994   -224.284887308
1.6882   122.2216   -224.283764350
1.6882   124.4438   -224.282542915
1.6882   126.6660   -224.281229881
1.6882   128.8882   -224.279831586
1.6882   131.1104   -224.278353987
1.6882   133.3326   -224.276802767
1.6882   135.5548   -224.275183461
1.6882   137.7770   -224.273501541
1.6882   139.9992   -224.271762513
1.6882   142.2214   -224.269971999
1.6882   144.4436   -224.268135816
1.6882   146.6658   -224.266260084
1.6882   148.8880   -224.264351292
1.6882   151.1102   -224.262416447
1.6882   153.3324   -224.260463168
1.6882   155.5546   -224.258499874
1.6882   157.7768   -224.256535939
1.6882   159.9990   -224.254581943
                         
1.7104   60.0000   -224.206275027
1.7104   62.2222   -224.250555385
1.7104   64.4444   -224.252179828
1.7104   66.6666   -224.206612054
1.7104   68.8888   -224.209058486
1.7104   71.1110   -224.211406253
1.7104   73.3332   -224.213585568
1.7104   75.5554   -224.215559487
1.7104   77.7776   -224.217311683
1.7104   79.9998   -224.158334971
1.7104   82.2220   -224.162190224
1.7104   84.4442   -224.165508804
1.7104   86.6664   -224.168374946
1.7104   88.8886   -224.170861699
1.7104   91.1108   -224.173031079
1.7104   93.3330   -224.174934932
1.7104   95.5552   -224.288601479
1.7104   97.7774   -224.289330958
1.7104   99.9996   -224.289793561
1.7104   102.2218   -224.290022697
1.7104   104.4440   -224.290045984
1.7104   106.6662   -224.289886368
1.7104   108.8884   -224.289563028
1.7104   111.1106   -224.289092070
1.7104   113.3328   -224.288487110
1.7104   115.5550   -224.287759746
1.7104   117.7772   -224.286919925
1.7104   119.9994   -224.285976271
1.7104   122.2216   -224.284936347
1.7104   124.4438   -224.283806881
1.7104   126.6660   -224.282593949
1.7104   128.8882   -224.281303141
1.7104   131.1104   -224.279939708
1.7104   133.3326   -224.278508656
1.7104   135.5548   -224.277014865
1.7104   137.7770   -224.275463173
1.7104   139.9992   -224.273858451
1.7104   142.2214   -224.272205681
1.7104   144.4436   -224.270510032
1.7104   146.6658   -224.013758859
1.7104   148.8880   -224.017462201
1.7104   151.1102   -224.265221802
1.7104   153.3324   -224.263412669
1.7104   155.5546   -224.066470985
1.7104   157.7768   -224.015737286
1.7104   159.9990   -224.222380840
                         
1.7326   60.0000   -224.250318219
1.7326   62.2222   -224.253024544
1.7326   64.4444   -224.177360322
1.7326   66.6666   -224.164159874
1.7326   68.8888   -224.210207198
1.7326   71.1110   -224.212402573
1.7326   73.3332   -224.214425783
1.7326   75.5554   -224.216247676
1.7326   77.7776   -224.217857047
1.7326   79.9998   -224.162539288
1.7326   82.2220   -224.166102016
1.7326   84.4442   -224.169161584
1.7326   86.6664   -224.171800398
1.7326   88.8886   -224.174088838
1.7326   91.1108   -224.176085923
1.7326   93.3330   -224.177840498
1.7326   95.5552   -224.179392598
1.7326   97.7774   -224.290443427
1.7326   99.9996   -224.290842787
1.7326   102.2218   -224.291029865
1.7326   104.4440   -224.291029986
1.7326   106.6662   -224.290864166
1.7326   108.8884   -224.290549917
1.7326   111.1106   -224.290101914
1.7326   113.3328   -224.289532520
1.7326   115.5550   -224.288852208
1.7326   117.7772   -224.288069917
1.7326   119.9994   -224.287193366
1.7326   122.2216   -224.286229273
1.7326   124.4438   -224.285183605
1.7326   126.6660   -224.284061725
1.7326   128.8882   -224.011016167
1.7326   131.1104   -224.010501142
1.7326   133.3326   -224.280286635
1.7326   135.5548   -224.215766966
1.7326   137.7770   -224.216566664
1.7326   139.9992   -224.070375204
1.7326   142.2214   -224.218348464
1.7326   144.4436   -224.014087191
1.7326   146.6658   -224.013717475
1.7326   148.8880   -224.156562589
1.7326   151.1102   -224.155562735
1.7326   153.3324   -224.154558541
1.7326   155.5546   -224.012249633
1.7326   157.7768   -224.152541176
1.7326   159.9990   -224.151529960
                         
1.7548   60.0000   -224.201943689
1.7548   62.2222   -224.188345439
1.7548   64.4444   -224.174807260
1.7548   66.6666   -224.161529200
1.7548   68.8888   -224.211494169
1.7548   71.1110   -224.213544562
1.7548   73.3332   -224.215420702
1.7548   75.5554   -224.217100514
1.7548   77.7776   -224.218577379
1.7548   79.9998   -224.166764288
1.7548   82.2220   -224.170046845
1.7548   84.4442   -224.172860338
1.7548   86.6664   -224.175284319
1.7548   88.8886   -224.177385877
1.7548   91.1108   -224.179220705
1.7548   93.3330   -224.180834510
1.7548   95.5552   -224.182264494
1.7548   97.7774   -224.183540763
1.7548   99.9996   -224.003318395
1.7548   102.2218   -224.003849678
1.7548   104.4440   -224.292115582
1.7548   106.6662   -224.072618767
1.7548   108.8884   -224.072875664
1.7548   111.1106   -224.012437634
1.7548   113.3328   -224.012575223
1.7548   115.5550   -224.012653998
1.7548   117.7772   -224.012680206
1.7548   119.9994   -224.012659157
1.7548   122.2216   -224.012595439
1.7548   124.4438   -224.012493090
1.7548   126.6660   -224.012355751
1.7548   128.8882   -224.012186789
1.7548   131.1104   -224.011989396
1.7548   133.3326   -224.011766672
1.7548   135.5548   -224.011521686
1.7548   137.7770   -224.011257521
1.7548   139.9992   -224.010977310
1.7548   142.2214   -224.010684256
1.7548   144.4436   -224.162144570
1.7548   146.6658   -224.161224139
1.7548   148.8880   -224.160299417
1.7548   151.1102   -224.159371389
1.7548   153.3324   -224.158441001
1.7548   155.5546   -224.157509169
1.7548   157.7768   -224.156576786
1.7548   159.9990   -224.155644729
                         
1.7770   60.0000   -224.199668356
1.7770   62.2222   -224.185888985
1.7770   64.4444   -224.172243606
1.7770   66.6666   -224.158912973
1.7770   68.8888   -224.212872402
1.7770   71.1110   -224.214784682
1.7770   73.3332   -224.216522290
1.7770   75.5554   -224.218069504
1.7770   77.7776   -224.219423718
1.7770   79.9998   -224.170956327
1.7770   82.2220   -224.173973966
1.7770   84.4442   -224.176556152
1.7770   86.6664   -224.178778933
1.7770   88.8886   -224.180705764
1.7770   91.1108   -224.182388864
1.7770   93.3330   -224.183870791
1.7770   95.5552   -224.185185999
1.7770   97.7774   -224.186362222
1.7770   99.9996   -224.187421682
1.7770   102.2218   -224.188382099
1.7770   104.4440   -224.008081321
1.7770   106.6662   -224.008402625
1.7770   108.8884   -224.008649172
1.7770   111.1106   -224.008830622
1.7770   113.3328   -224.008954936
1.7770   115.5550   -224.009028702
1.7770   117.7772   -224.009057411
1.7770   119.9994   -224.009045688
1.7770   122.2216   -224.008997489
1.7770   124.4438   -224.008916273
1.7770   126.6660   -224.008805137
1.7770   128.8882   -224.171724921
1.7770   131.1104   -224.008504361
1.7770   133.3326   -224.008320043
1.7770   135.5548   -224.169270587
1.7770   137.7770   -224.168434430
1.7770   139.9992   -224.167591623
1.7770   142.2214   -224.166743334
1.7770   144.4436   -224.165890626
1.7770   146.6658   -224.165034480
1.7770   148.8880   -224.164175824
1.7770   151.1102   -224.163315542
1.7770   153.3324   -224.162454490
1.7770   155.5546   -224.161593501
1.7770   157.7768   -224.160733387
1.7770   159.9990   -224.159874945
                         
1.7992   60.0000   -224.260700417
1.7992   62.2222   -224.183385625
1.7992   64.4444   -224.169659611
1.7992   66.6666   -224.156298464
1.7992   68.8888   -224.214304477
1.7992   71.1110   -224.216085187
1.7992   73.3332   -224.217692455
1.7992   75.5554   -224.219116162
1.7992   77.7776   -224.220357115
1.7992   79.9998   -224.175074712
1.7992   82.2220   -224.177844104
1.7992   84.4442   -224.180210501
1.7992   86.6664   -224.182246059
1.7992   88.8886   -224.184010436
1.7992   91.1108   -224.185552370
1.7992   93.3330   -224.186911358
1.7992   95.5552   -224.188119210
1.7992   97.7774   -224.189201437
1.7992   99.9996   -224.190178401
1.7992   102.2218   -224.191066277
1.7992   104.4440   -224.191877837
1.7992   106.6662   -224.005341524
1.7992   108.8884   -224.005559362
1.7992   111.1106   -224.005720749
1.7992   113.3328   -224.005832800
1.7992   115.5550   -224.005901355
1.7992   117.7772   -224.005931234
1.7992   119.9994   -224.005926461
1.7992   122.2216   -224.177378974
1.7992   124.4438   -224.176658040
1.7992   126.6660   -224.175921540
1.7992   128.8882   -224.005623006
1.7992   131.1104   -224.005488864
1.7992   133.3326   -224.173643492
1.7992   135.5548   -224.005166594
1.7992   137.7770   -224.172085587
1.7992   139.9992   -224.171298889
1.7992   142.2214   -224.170508440
1.7992   144.4436   -224.169715180
1.7992   146.6658   -224.168919989
1.7992   148.8880   -224.168123702
1.7992   151.1102   -224.167327122
1.7992   153.3324   -224.166531029
1.7992   155.5546   -224.165736184
1.7992   157.7768   -224.164943329
1.7992   159.9990   -224.164153193
                         
1.8214   60.0000   -224.264048762
1.8214   62.2222   -224.180831193
1.8214   64.4444   -224.167048244
1.8214   66.6666   -224.153676003
1.8214   68.8888   -224.140802700
1.8214   71.1110   -224.217416136
1.8214   73.3332   -224.218901000
1.8214   75.5554   -224.220209928
1.8214   77.7776   -224.176096717
1.8214   79.9998   -224.179088793
1.8214   82.2220   -224.181627066
1.8214   84.4442   -224.183793241
1.8214   86.6664   -224.185655384
1.8214   88.8886   -224.187269327
1.8214   91.1108   -224.188680411
1.8214   93.3330   -224.189925190
1.8214   95.5552   -224.191032998
1.8214   97.7774   -224.192027270
1.8214   99.9996   -224.192926655
1.8214   102.2218   -224.193745913
1.8214   104.4440   -224.194496654
1.8214   106.6662   -224.195187943
1.8214   108.8884   -224.002888956
1.8214   111.1106   -224.003032475
1.8214   113.3328   -224.003133358
1.8214   115.5550   -224.003196773
1.8214   117.7772   -224.003226948
1.8214   119.9994   
1.8214   122.2216   -224.180736144
1.8214   124.4438   -224.180054317
1.8214   126.6660   -224.179359847
1.8214   128.8882   -224.178655094
1.8214   131.1104   -224.177941980
1.8214   133.3326   -224.177222091
1.8214   135.5548   -224.176496758
1.8214   137.7770   -224.175767126
1.8214   139.9992   -224.002287698
1.8214   142.2214   -224.002115023
1.8214   144.4436   -224.173562061
1.8214   146.6658   -224.172824474
1.8214   148.8880   -224.172086899
1.8214   151.1102   -224.171350071
1.8214   153.3324   -224.170614704
1.8214   155.5546   -224.169881499
1.8214   157.7768   -224.169151136
1.8214   159.9990   -224.168424283
                         
1.8436   60.0000   -224.267301671
1.8436   62.2222   -224.178223455
1.8436   64.4444   -224.164404650
1.8436   66.6666   -224.151038423
1.8436   68.8888   -224.138200971
1.8436   71.1110   -224.218753831
1.8436   73.3332   -224.220124018
1.8436   75.5554   -224.221326540
1.8436   77.7776   -224.180231273
1.8436   79.9998   -224.182975780
1.8436   82.2220   -224.185299903
1.8436   84.4442   -224.187281032
1.8436   86.6664   -224.188983078
1.8436   88.8886   -224.190458120
1.8436   91.1108   -224.191748229
1.8436   93.3330   -224.192887193
1.8436   95.5552   -224.193902029
1.8436   97.7774   -224.194814260
1.8436   99.9996   -224.195640961
1.8436   102.2218   -224.196395604
1.8436   104.4440   -224.197088744
1.8436   106.6662   -224.197728584
1.8436   108.8884   -224.198321418
1.8436   111.1106   -224.198872010
1.8436   113.3328   -224.199383897
1.8436   115.5550   -224.199859638
1.8436   117.7772   -224.200301020
1.8436   119.9994   -224.200709233
1.8436   122.2216   -224.184085148
1.8436   124.4438   -224.183442760
1.8436   126.6660   -224.182790142
1.8436   128.8882   -224.182129334
1.8436   131.1104   -224.181461995
1.8436   133.3326   -224.180789494
1.8436   135.5548   -224.180112988
1.8436   137.7770   -224.179433477
1.8436   139.9992   -224.178751849
1.8436   142.2214   -224.178068917
1.8436   144.4436   -224.177385440
1.8436   146.6658   -224.176702134
1.8436   148.8880   -223.999500263
1.8436   151.1102   -223.999343287
1.8436   153.3324   -224.174660105
1.8436   155.5546   -224.173984254
1.8436   157.7768   -224.173311878
1.8436   159.9990   -224.172643591
                         
1.8658   60.0000   -224.270443192
1.8658   62.2222   -224.175561659
1.8658   64.4444   -224.161725739
1.8658   66.6666   -224.148380610
1.8658   68.8888   -224.278548498
1.8658   71.1110   -224.220079619
1.8658   73.3332   -224.221342660
1.8658   75.5554   -224.222446796
1.8658   77.7776   -224.184203952
1.8658   79.9998   -224.186719087
1.8658   82.2220   -224.188845468
1.8658   84.4442   -224.190656056
1.8658   86.6664   -224.192210647
1.8658   88.8886   -224.193557699
1.8658   91.1108   -224.194736185
1.8658   93.3330   -224.195777303
1.8658   95.5552   -224.196705928
1.8658   97.7774   -224.197541828
1.8658   99.9996   -224.198300640
1.8658   102.2218   -224.198994659
1.8658   104.4440   -224.199633490
1.8658   106.6662   -224.200224552
1.8658   108.8884   -224.200773508
1.8658   111.1106   -224.201284603
1.8658   113.3328   -224.189668479
1.8658   115.5550   -224.189126714
1.8658   117.7772   -224.188563872
1.8658   119.9994   -224.187984340
1.8658   122.2216   -224.187391600
1.8658   124.4438   -224.186788416
1.8658   126.6660   -224.186176986
1.8658   128.8882   -224.185559069
1.8658   131.1104   -224.184936097
1.8658   133.3326   -224.184309252
1.8658   135.5548   -224.183679541
1.8658   137.7770   -224.183047841
1.8658   139.9992   -224.182414942
1.8658   142.2214   -224.181781571
1.8658   144.4436   -224.181148417
1.8658   146.6658   -224.180516139
1.8658   148.8880   -224.179885373
1.8658   151.1102   -224.179256741
1.8658   153.3324   -224.178630855
1.8658   155.5546   -224.178008310
1.8658   157.7768   -224.177389688
1.8658   159.9990   -224.176775555
                         
1.8880   60.0000   -224.273461293
1.8880   62.2222   -224.172846212
1.8880   64.4444   -224.159009824
1.8880   66.6666   -224.279722864
1.8880   68.8888   -224.220060942
1.8880   71.1110   -224.221393022
1.8880   73.3332   -224.222542174
1.8880   75.5554   -224.223555561
1.8880   77.7776   -224.188003746
1.8880   79.9998   -224.190307047
1.8880   82.2220   -224.192251303
1.8880   84.4442   -224.193905031
1.8880   86.6664   -224.195324032
1.8880   88.8886   -224.196553313
1.8880   91.1108   -224.197628941
1.8880   93.3330   -224.198579712
1.8880   95.5552   -224.199428532
1.8880   97.7774   -224.200193558
1.8880   99.9996   -224.200889117
1.8880   102.2218   -224.201526441
1.8880   104.4440   -224.202114261
1.8880   106.6662   -224.202659294
1.8880   108.8884   -224.203166625
1.8880   111.1106   -224.203640038
1.8880   113.3328   -224.204082274
1.8880   115.5550   -224.204495254
1.8880   117.7772   -224.204880257
1.8880   119.9994   -224.205238068
1.8880   122.2216   -224.205569104
1.8880   124.4438   -224.205873508
1.8880   126.6660   -224.206151236
1.8880   128.8882   -224.188915691
1.8880   131.1104   -224.188335430
1.8880   133.3326   -224.187752318
1.8880   135.5548   -224.187167233
1.8880   137.7770   -224.186580951
1.8880   139.9992   -224.185994176
1.8880   142.2214   -224.185407568
1.8880   144.4436   -224.184821749
1.8880   146.6658   -224.184237332
1.8880   148.8880   -224.183654899
1.8880   151.1102   -224.183075031
1.8880   153.3324   -224.182498293
1.8880   155.5546   -224.207302205
1.8880   157.7768   -224.181356403
1.8880   159.9990   -224.180792315
                         
1.9102   60.0000   -224.215308515
1.9102   62.2222   -224.170078425
1.9102   64.4444   -224.156256377
1.9102   66.6666   -224.220055801
1.9102   68.8888   -224.221422447
1.9102   71.1110   -224.222676932
1.9102   73.3332   -224.223711119
1.9102   75.5554   -224.224641004
1.9102   77.7776   -224.191623801
1.9102   79.9998   -224.193731931
1.9102   82.2220   -224.195508740
1.9102   84.4442   -224.197018386
1.9102   86.6664   -224.198312842
1.9102   88.8886   -224.199433857
1.9102   91.1108   -224.200414798
1.9102   93.3330   -224.201282239
1.9102   95.5552   -224.202057282
1.9102   97.7774   -224.202756615
1.9102   99.9996   -224.203393369
1.9102   102.2218   -224.203977807
1.9102   104.4440   -224.204517873
1.9102   106.6662   -224.205019640
1.9102   108.8884   -224.205487672
1.9102   111.1106   -224.205925331
1.9102   113.3328   -224.206335017
1.9102   115.5550   -224.206718378
1.9102   117.7772   -224.207076477
1.9102   119.9994   -224.207409932
1.9102   122.2216   -224.207719030
1.9102   124.4438   -224.208003821
1.9102   126.6660   -224.208264190
1.9102   128.8882   -224.208499925
1.9102   131.1104   -224.208710762
1.9102   133.3326   -224.208896436
1.9102   135.5548   -224.190553248
1.9102   137.7770   -224.190009952
1.9102   139.9992   -224.209300540
1.9102   142.2214   -224.188924092
1.9102   144.4436   -224.209442434
1.9102   146.6658   -224.209475977
1.9102   148.8880   -224.187305788
1.9102   151.1102   -224.186771354
1.9102   153.3324   -224.186240305
1.9102   155.5546   -224.185713154
1.9102   157.7768   -224.185190401
1.9102   159.9990   -224.184672530
                         
1.9324   60.0000   -224.216953976
1.9324   62.2222   -224.167260326
1.9324   64.4444   -224.039396707
1.9324   66.6666   -224.221462866
1.9324   68.8888   -224.222731528
1.9324   71.1110   -224.223922219
1.9324   73.3332   -224.224840769
1.9324   75.5554   -224.225693983
1.9324   77.7776   -224.195060535
1.9324   79.9998   -224.196989147
1.9324   82.2220   -224.198612195
1.9324   84.4442   -224.199989613
1.9324   86.6664   -224.201169743
1.9324   88.8886   -224.202191291
1.9324   91.1108   -224.203085122
1.9324   93.3330   -224.203875774
1.9324   95.5552   -224.204582690
1.9324   97.7774   -224.205221220
1.9324   99.9996   -224.205803408
1.9324   102.2218   -224.206338633
1.9324   104.4440   -224.206834122
1.9324   106.6662   -224.207295360
1.9324   108.8884   -224.207726439
1.9324   111.1106   -224.199135514
1.9324   113.3328   -224.198696387
1.9324   115.5550   -224.198240820
1.9324   117.7772   -224.197772611
1.9324   119.9994   -224.197294712
1.9324   122.2216   -224.196809414
1.9324   124.4438   -224.196318494
1.9324   126.6660   -224.195823353
1.9324   128.8882   -224.195325101
1.9324   131.1104   -224.194824656
1.9324   133.3326   -224.194322788
1.9324   135.5548   -224.211046389
1.9324   137.7770   -224.193317434
1.9324   139.9992   -224.192815134
1.9324   142.2214   -224.192313826
1.9324   144.4436   -224.191814036
1.9324   146.6658   -224.191316286
1.9324   148.8880   -224.190821085
1.9324   151.1102   -224.190328930
1.9324   153.3324   -224.189840310
1.9324   155.5546   -224.189355701
1.9324   157.7768   -224.188875571
1.9324   159.9990   -224.188400365
                         
1.9546   60.0000   -224.218538965
1.9546   62.2222   -224.042867372
1.9546   64.4444   -224.221492300
1.9546   66.6666   -224.222806275
1.9546   68.8888   -224.223982046
1.9546   71.1110   -224.225120720
1.9546   73.3332   -224.226304025
1.9546   75.5554   -224.226707560
1.9546   77.7776   -224.198312967
1.9546   79.9998   -224.200076652
1.9546   82.2220   -224.201558605
1.9546   84.4442   -224.202814733
1.9546   86.6664   -224.203889955
1.9546   88.8886   -224.204820157
1.9546   91.1108   -224.205633889
1.9546   93.3330   -224.206353823
1.9546   95.5552   -224.206997891
1.9546   97.7774   -224.207580220
1.9546   99.9996   -224.208111861
1.9546   102.2218   -224.208601388
1.9546   104.4440   -224.209055370
1.9546   106.6662   -224.209478758
1.9546   108.8884   -224.209875208
1.9546   111.1106   -224.210247341
1.9546   113.3328   -224.210596968
1.9546   115.5550   -224.210925267
1.9546   117.7772   -224.211232932
1.9546   119.9994   -224.211520301
1.9546   122.2216   -224.211787448
1.9546   124.4438   -224.212034272
1.9546   126.6660   -224.212260554
1.9546   128.8882   -224.212466013
1.9546   131.1104   -224.212650346
1.9546   133.3326   -224.212813266
1.9546   135.5548   -224.212954534
1.9546   137.7770   -224.213073983
1.9546   139.9992   -224.196026719
1.9546   142.2214   -224.195564095
1.9546   144.4436   -224.195103195
1.9546   146.6658   -224.194644505
1.9546   148.8880   -224.194188497
1.9546   151.1102   -224.193735640
1.9546   153.3324   -224.193286384
1.9546   155.5546   -224.192841175
1.9546   157.7768   -224.192400442
1.9546   159.9990   -224.191964599
                         
1.9768   60.0000   -224.220056448
1.9768   62.2222   -224.038505968
1.9768   64.4444   -224.222857667
1.9768   66.6666   -224.102329928
1.9768   68.8888   -224.225171472
1.9768   71.1110   -224.226266439
1.9768   73.3332   -224.227389256
1.9768   75.5554   -224.227676619
1.9768   77.7776   -224.201382169
1.9768   79.9998   -224.202994449
1.9768   82.2220   -224.204346991
1.9768   84.4442   -224.205491882
1.9768   86.6664   -224.206470852
1.9768   88.8886   -224.207317169
1.9768   91.1108   -224.208057276
1.9768   93.3330   -224.208712123
1.9768   95.5552   -224.209298263
1.9768   97.7774   -224.209828707
1.9768   99.9996   -224.210313598
1.9768   102.2218   -224.210760774
1.9768   104.4440   -224.211176198
1.9768   106.6662   -224.211564331
1.9768   108.8884   -224.211928429
1.9768   111.1106   -224.212270791
1.9768   113.3328   -224.212592970
1.9768   115.5550   -224.212895939
1.9768   117.7772   -224.213180240
1.9768   119.9994   -224.213446090
1.9768   122.2216   -224.213693481
1.9768   124.4438   -224.213922252
1.9768   126.6660   -224.214132144
1.9768   128.8882   -224.214322854
1.9768   131.1104   -224.214494070
1.9768   133.3326   -224.214645500
1.9768   135.5548   -224.199949238
1.9768   137.7770   -224.199520443
1.9768   139.9992   -224.199092583
1.9768   142.2214   -224.198666121
1.9768   144.4436   -224.198241514
1.9768   146.6658   -224.197819210
1.9768   148.8880   -224.197399657
1.9768   151.1102   -224.196983285
1.9768   153.3324   -224.196570519
1.9768   155.5546   -224.196161768
1.9768   157.7768   -224.195757431
1.9768   159.9990   -224.195357890
                         
1.9990   60.0000   -224.221501330
1.9990   62.2222   -224.099084007
1.9990   64.4444   -224.224148530
1.9990   66.6666   -224.225286392
1.9990   68.8888   -224.226304177
1.9990   71.1110   -224.227355228
1.9990   73.3332   -224.228418822
1.9990   75.5554   -224.228597554
1.9990   77.7776   -224.204270856
1.9990   79.9998   -224.205744198
1.9990   82.2220   -224.206978056
1.9990   84.4442   -224.208020933
1.9990   86.6664   -224.208911593
1.9990   88.8886   -224.209680895
1.9990   91.1108   -224.210353336
1.9990   93.3330   -224.210948309
1.9990   95.5552   -224.211481100
1.9990   97.7774   -224.211963699
1.9990   99.9996   -224.212405419
1.9990   102.2218   -224.212813415
1.9990   104.4440   -224.213193097
1.9990   106.6662   -224.213548472
1.9990   108.8884   -224.213882427
1.9990   111.1106   -224.214196965
1.9990   113.3328   -224.214493402
1.9990   115.5550   -224.214772530
1.9990   117.7772   -224.215034749
1.9990   119.9994   -224.215280174
1.9990   122.2216   -224.215508724
1.9990   124.4438   -224.215720188
1.9990   126.6660   -224.215914278
1.9990   128.8882   -224.216090677
1.9990   131.1104   -224.216249064
1.9990   133.3326   -224.216389153
1.9990   135.5548   -224.216510705
1.9990   137.7770   -224.216613561
1.9990   139.9992   -224.216697658
1.9990   142.2214   -224.216763047
1.9990   144.4436   -224.216809928
1.9990   146.6658   -224.216838671
1.9990   148.8880   -224.200449465
1.9990   151.1102   -224.200066937
1.9990   153.3324   -224.199687964
1.9990   155.5546   -224.199312926
1.9990   157.7768   -224.198942194
1.9990   159.9990   -224.198576119
                         
